object={
	name="tree_cedar_generator_1_0"
	clamp_to_water_level=no
	render_under_water=no
	generated_content=yes
	layer="tree_layer"
	pdxmesh="tree_cedar_01_mesh"
	count=135
	transform="201.366257 0.000000 1636.015259 0.000000 0.417486 0.000000 0.908683 1.000000 1.000000 1.000000
191.999878 0.000000 1643.981445 0.000000 0.470934 0.000000 0.882169 1.000000 1.000000 1.000000
203.625931 0.000000 1634.538696 0.000000 0.698874 0.000000 0.715245 1.000000 1.000000 1.000000
296.642609 0.000000 1622.085693 0.000000 0.883589 0.000000 -0.468264 1.000000 1.000000 1.000000
301.540039 0.000000 1625.501953 0.000000 0.606958 0.000000 -0.794734 1.000000 1.000000 1.000000
310.950226 0.000000 1689.550171 0.000000 0.132606 0.000000 -0.991169 1.000000 1.000000 1.000000
284.288849 0.000000 1721.763062 0.000000 0.539974 0.000000 -0.841682 1.000000 1.000000 1.000000
285.053802 0.000000 1719.151855 0.000000 0.331570 0.000000 0.943431 1.000000 1.000000 1.000000
288.952759 0.000000 1717.091675 0.000000 0.701757 0.000000 -0.712417 1.000000 1.000000 1.000000
296.642609 0.000000 1718.062256 0.000000 0.681663 0.000000 0.731666 1.000000 1.000000 1.000000
294.696960 0.000000 1713.569824 0.000000 0.389754 0.000000 0.920919 1.000000 1.000000 1.000000
305.431366 0.000000 1701.628052 0.000000 0.248283 0.000000 0.968688 1.000000 1.000000 1.000000
318.804260 0.000000 1705.865723 0.000000 0.968796 0.000000 -0.247860 1.000000 1.000000 1.000000
296.677246 0.000000 1711.604858 0.000000 0.263433 0.000000 0.964678 1.000000 1.000000 1.000000
296.844330 0.000000 1706.812988 0.000000 0.985960 0.000000 -0.166980 1.000000 1.000000 1.000000
296.137390 0.000000 1715.673950 0.000000 0.338759 0.000000 -0.940873 1.000000 1.000000 1.000000
298.626617 0.000000 1704.896484 0.000000 0.822667 0.000000 -0.568524 1.000000 1.000000 1.000000
319.195923 0.000000 1701.333984 0.000000 0.058722 0.000000 -0.998274 1.000000 1.000000 1.000000
339.804901 0.000000 1694.104004 0.000000 0.995242 0.000000 0.097439 1.000000 1.000000 1.000000
341.151764 0.000000 1699.724976 0.000000 0.976798 0.000000 -0.214164 1.000000 1.000000 1.000000
337.822845 0.000000 1695.708740 0.000000 0.260437 0.000000 0.965491 1.000000 1.000000 1.000000
323.455505 0.000000 1696.193481 0.000000 0.975453 0.000000 -0.220209 1.000000 1.000000 1.000000
338.108337 0.000000 1698.717285 0.000000 0.935692 0.000000 0.352818 1.000000 1.000000 1.000000
295.989868 0.000000 1736.475342 0.000000 0.838678 0.000000 0.544628 1.000000 1.000000 1.000000
295.354279 0.000000 1740.797729 0.000000 0.409231 0.000000 0.912431 1.000000 1.000000 1.000000
293.050995 0.000000 1740.532471 0.000000 0.694281 0.000000 0.719704 1.000000 1.000000 1.000000
394.436127 0.000000 1725.109131 0.000000 0.377608 0.000000 -0.925966 1.000000 1.000000 1.000000
403.797089 0.000000 1726.096191 0.000000 0.963765 0.000000 -0.266754 1.000000 1.000000 1.000000
397.830292 0.000000 1726.271973 0.000000 0.840884 0.000000 0.541216 1.000000 1.000000 1.000000
405.143951 0.000000 1731.717163 0.000000 0.607312 0.000000 -0.794464 1.000000 1.000000 1.000000
401.815033 0.000000 1727.700928 0.000000 0.032262 0.000000 0.999479 1.000000 1.000000 1.000000
396.173035 0.000000 1727.906494 0.000000 0.568126 0.000000 -0.822942 1.000000 1.000000 1.000000
404.345337 0.000000 1728.881836 0.000000 0.000847 0.000000 1.000000 1.000000 1.000000 1.000000
3195.140137 0.000000 1919.907349 0.000000 0.860906 0.000000 0.508763 1.000000 1.000000 1.000000
3193.399414 0.000000 1924.358643 0.000000 0.998795 0.000000 0.049070 1.000000 1.000000 1.000000
3195.063477 0.000000 1929.613403 0.000000 0.472481 0.000000 0.881341 1.000000 1.000000 1.000000
3194.694580 0.000000 1926.753662 0.000000 0.511190 0.000000 -0.859468 1.000000 1.000000 1.000000
3193.018066 0.000000 1926.117188 0.000000 0.991287 0.000000 0.131722 1.000000 1.000000 1.000000
3161.006836 0.000000 2045.837402 0.000000 0.392280 0.000000 0.919846 1.000000 1.000000 1.000000
3178.096436 0.000000 2045.031006 0.000000 0.703493 0.000000 -0.710703 1.000000 1.000000 1.000000
3181.490723 0.000000 2046.193848 0.000000 0.962832 0.000000 0.270102 1.000000 1.000000 1.000000
3217.076172 0.000000 1925.573364 0.000000 0.964311 0.000000 -0.264772 1.000000 1.000000 1.000000
3204.370850 0.000000 1926.906006 0.000000 0.046882 0.000000 0.998900 1.000000 1.000000 1.000000
3214.931885 0.000000 1927.677734 0.000000 0.794832 0.000000 0.606830 1.000000 1.000000 1.000000
3214.374023 0.000000 1931.512939 0.000000 0.528106 0.000000 -0.849178 1.000000 1.000000 1.000000
3248.663574 0.000000 1944.892212 0.000000 0.466326 0.000000 0.884613 1.000000 1.000000 1.000000
3245.180908 0.000000 1945.423828 0.000000 0.430602 0.000000 0.902542 1.000000 1.000000 1.000000
3246.861084 0.000000 1945.046997 0.000000 0.930470 0.000000 -0.366368 1.000000 1.000000 1.000000
3440.539551 0.000000 1866.032227 0.000000 0.440229 0.000000 -0.897885 1.000000 1.000000 1.000000
3436.152344 0.000000 1862.761597 0.000000 0.945771 0.000000 -0.324833 1.000000 1.000000 1.000000
3441.086670 0.000000 1874.887085 0.000000 0.986062 0.000000 0.166379 1.000000 1.000000 1.000000
3438.904541 0.000000 1863.693359 0.000000 0.044624 0.000000 -0.999004 1.000000 1.000000 1.000000
3438.728760 0.000000 1856.711060 0.000000 0.995170 0.000000 0.098169 1.000000 1.000000 1.000000
3440.237793 0.000000 1872.565796 0.000000 0.896415 0.000000 0.443217 1.000000 1.000000 1.000000
3438.099121 0.000000 1861.591797 0.000000 0.003046 0.000000 -0.999995 1.000000 1.000000 1.000000
3437.019531 0.000000 1857.620239 0.000000 0.816925 0.000000 0.576744 1.000000 1.000000 1.000000
3440.123535 0.000000 1879.070923 0.000000 0.943773 0.000000 0.330594 1.000000 1.000000 1.000000
3443.144043 0.000000 1880.333618 0.000000 0.885910 0.000000 0.463856 1.000000 1.000000 1.000000
3441.712402 0.000000 1879.909058 0.000000 0.624595 0.000000 -0.780949 1.000000 1.000000 1.000000
3447.721436 0.000000 1898.510742 0.000000 0.092096 0.000000 0.995750 1.000000 1.000000 1.000000
3448.971680 0.000000 1917.868652 0.000000 0.987566 0.000000 0.157208 1.000000 1.000000 1.000000
3453.961670 0.000000 1908.933105 0.000000 0.852566 0.000000 0.522620 1.000000 1.000000 1.000000
3451.745117 0.000000 1916.574707 0.000000 0.595369 0.000000 -0.803453 1.000000 1.000000 1.000000
3448.770508 0.000000 1908.347656 0.000000 0.634804 0.000000 0.772673 1.000000 1.000000 1.000000
3438.837646 0.000000 1913.054810 0.000000 0.535663 0.000000 0.844432 1.000000 1.000000 1.000000
3451.108887 0.000000 1919.907349 0.000000 0.234257 0.000000 -0.972175 1.000000 1.000000 1.000000
3455.408203 0.000000 1968.930542 0.000000 0.912561 0.000000 -0.408940 1.000000 1.000000 1.000000
3449.150146 0.000000 1953.122314 0.000000 0.688793 0.000000 0.724958 1.000000 1.000000 1.000000
3454.317139 0.000000 1967.091309 0.000000 0.541496 0.000000 0.840703 1.000000 1.000000 1.000000
3449.573486 0.000000 2001.994629 0.000000 0.919501 0.000000 0.393087 1.000000 1.000000 1.000000
3453.961670 0.000000 2004.909668 0.000000 0.160677 0.000000 0.987007 1.000000 1.000000 1.000000
3450.146973 0.000000 2006.395020 0.000000 0.999728 0.000000 0.023334 1.000000 1.000000 1.000000
3451.745117 0.000000 2012.551270 0.000000 0.809351 0.000000 0.587325 1.000000 1.000000 1.000000
3451.481689 0.000000 2004.050659 0.000000 0.994446 0.000000 -0.105246 1.000000 1.000000 1.000000
3454.989746 0.000000 1991.835571 0.000000 0.546533 0.000000 -0.837437 1.000000 1.000000 1.000000
3456.329346 0.000000 1927.459473 0.000000 0.260155 0.000000 0.965567 1.000000 1.000000 1.000000
3462.967773 0.000000 1932.750854 0.000000 0.924622 0.000000 -0.380887 1.000000 1.000000 1.000000
3459.543945 0.000000 1930.231201 0.000000 0.392967 0.000000 0.919552 1.000000 1.000000 1.000000
3466.991211 0.000000 1945.094727 0.000000 0.748657 0.000000 0.662957 1.000000 1.000000 1.000000
3467.803711 0.000000 1962.606689 0.000000 0.554652 0.000000 -0.832083 1.000000 1.000000 1.000000
3458.288818 0.000000 1982.486572 0.000000 0.678805 0.000000 -0.734319 1.000000 1.000000 1.000000
3469.037842 0.000000 1960.757935 0.000000 0.692050 0.000000 0.721849 1.000000 1.000000 1.000000
3469.342773 0.000000 1962.268433 0.000000 0.890070 0.000000 0.455825 1.000000 1.000000 1.000000
3463.603271 0.000000 1992.412842 0.000000 0.233492 0.000000 -0.972359 1.000000 1.000000 1.000000
3472.535645 0.000000 1994.000977 0.000000 0.625303 0.000000 -0.780382 1.000000 1.000000 1.000000
3462.967773 0.000000 1996.735229 0.000000 0.774805 0.000000 -0.632200 1.000000 1.000000 1.000000
3459.072998 0.000000 1984.123169 0.000000 0.986473 0.000000 0.163926 1.000000 1.000000 1.000000
3457.814453 0.000000 1989.151001 0.000000 0.930047 0.000000 -0.367442 1.000000 1.000000 1.000000
2887.038086 0.000000 2060.719727 0.000000 0.934420 0.000000 0.356174 1.000000 1.000000 1.000000
2939.171387 0.000000 2047.876099 0.000000 0.979078 0.000000 -0.203484 1.000000 1.000000 1.000000
3012.719238 0.000000 2092.446533 0.000000 0.300623 0.000000 0.953743 1.000000 1.000000 1.000000
3062.614502 0.000000 2105.448486 0.000000 0.998433 0.000000 -0.055968 1.000000 1.000000 1.000000
3062.203613 0.000000 2108.577637 0.000000 0.449503 0.000000 0.893279 1.000000 1.000000 1.000000
3065.295166 0.000000 2106.875732 0.000000 0.575071 0.000000 0.818104 1.000000 1.000000 1.000000
3003.086914 0.000000 2153.558838 0.000000 0.429617 0.000000 -0.903011 1.000000 1.000000 1.000000
3062.875488 0.000000 2111.740234 0.000000 0.962715 0.000000 -0.270516 1.000000 1.000000 1.000000
3150.763916 0.000000 2048.664062 0.000000 0.927787 0.000000 -0.373111 1.000000 1.000000 1.000000
3147.266846 0.000000 2050.437012 0.000000 0.316146 0.000000 0.948711 1.000000 1.000000 1.000000
3236.388428 0.000000 2070.593994 0.000000 0.667134 0.000000 -0.744938 1.000000 1.000000 1.000000
3262.181641 0.000000 2115.064941 0.000000 0.336787 0.000000 -0.941581 1.000000 1.000000 1.000000
3263.690430 0.000000 2115.481689 0.000000 0.548296 0.000000 0.836284 1.000000 1.000000 1.000000
3265.764648 0.000000 2114.120850 0.000000 0.927346 0.000000 -0.374205 1.000000 1.000000 1.000000
3419.112793 0.000000 2047.876099 0.000000 0.661113 0.000000 0.750286 1.000000 1.000000 1.000000
3421.224365 0.000000 2054.978027 0.000000 0.626363 0.000000 0.779531 1.000000 1.000000 1.000000
3422.162109 0.000000 2051.080566 0.000000 0.962937 0.000000 -0.269725 1.000000 1.000000 1.000000
3420.671143 0.000000 2071.065918 0.000000 0.273367 0.000000 0.961910 1.000000 1.000000 1.000000
3423.670898 0.000000 2051.497314 0.000000 0.605619 0.000000 -0.795754 1.000000 1.000000 1.000000
3387.477539 0.000000 2114.462646 0.000000 0.891683 0.000000 0.452660 1.000000 1.000000 1.000000
3385.157959 0.000000 2113.083252 0.000000 0.538210 0.000000 0.842811 1.000000 1.000000 1.000000
3389.098877 0.000000 2113.118408 0.000000 0.373726 0.000000 0.927539 1.000000 1.000000 1.000000
5289.838867 0.000000 2652.882568 0.000000 0.084283 0.000000 0.996442 1.000000 1.000000 1.000000
5984.020996 0.000000 3079.178223 0.000000 0.998888 0.000000 0.047149 1.000000 1.000000 1.000000
5994.756836 0.000000 3086.965820 0.000000 0.427732 0.000000 -0.903906 1.000000 1.000000 1.000000
5991.294922 0.000000 3080.147217 0.000000 0.467329 0.000000 0.884084 1.000000 1.000000 1.000000
5998.954590 0.000000 3085.849365 0.000000 0.169274 0.000000 -0.985569 1.000000 1.000000 1.000000
5990.659668 0.000000 3084.469727 0.000000 0.289388 0.000000 -0.957212 1.000000 1.000000 1.000000
6003.981934 0.000000 3079.606201 0.000000 0.054823 0.000000 0.998496 1.000000 1.000000 1.000000
6006.855957 0.000000 3086.286133 0.000000 0.968977 0.000000 0.247152 1.000000 1.000000 1.000000
6010.719727 0.000000 3081.332275 0.000000 0.987377 0.000000 -0.158385 1.000000 1.000000 1.000000
5993.677734 0.000000 3084.423828 0.000000 0.458441 0.000000 0.888725 1.000000 1.000000 1.000000
5998.034180 0.000000 3083.231689 0.000000 0.995180 0.000000 -0.098066 1.000000 1.000000 1.000000
6001.509766 0.000000 3085.437744 0.000000 0.455865 0.000000 0.890049 1.000000 1.000000 1.000000
5992.149414 0.000000 3082.477051 0.000000 0.917938 0.000000 -0.396725 1.000000 1.000000 1.000000
5993.838867 0.000000 3082.756592 0.000000 0.117235 0.000000 -0.993104 1.000000 1.000000 1.000000
6082.553711 0.000000 3118.035156 0.000000 0.998418 0.000000 -0.056228 1.000000 1.000000 1.000000
6085.990234 0.000000 3121.226074 0.000000 0.783831 0.000000 0.620974 1.000000 1.000000 1.000000
6084.310547 0.000000 3123.512207 0.000000 0.809455 0.000000 0.587182 1.000000 1.000000 1.000000
6011.958496 0.000000 3216.160156 0.000000 0.967638 0.000000 0.252341 1.000000 1.000000 1.000000
6011.137207 0.000000 3217.830322 0.000000 0.997896 0.000000 0.064829 1.000000 1.000000 1.000000
6269.996582 0.000000 3069.631592 0.000000 0.236237 0.000000 0.971696 1.000000 1.000000 1.000000
6254.923340 0.000000 3053.857178 0.000000 0.660363 0.000000 0.750947 1.000000 1.000000 1.000000
6259.589844 0.000000 3051.807373 0.000000 0.637523 0.000000 -0.770432 1.000000 1.000000 1.000000
6303.216797 0.000000 3064.363525 0.000000 0.564838 0.000000 0.825202 1.000000 1.000000 1.000000
6262.484863 0.000000 3071.505859 0.000000 0.887681 0.000000 0.460459 1.000000 1.000000 1.000000
6274.729492 0.000000 3071.857422 0.000000 0.093156 0.000000 -0.995652 1.000000 1.000000 1.000000
"}
object={
	name="tree_cedar_generator_1_1"
	clamp_to_water_level=no
	render_under_water=no
	generated_content=yes
	layer="tree_layer"
	pdxmesh="tree_cedar_02_mesh"
	count=32
	transform="190.819855 0.000000 1641.881348 0.000000 0.858712 0.000000 -0.512458 1.000000 1.000000 1.000000
199.222946 0.000000 1637.832153 0.000000 0.486049 0.000000 -0.873932 1.000000 1.000000 1.000000
285.466675 0.000000 1613.334351 0.000000 0.873511 0.000000 -0.486804 1.000000 1.000000 1.000000
298.372406 0.000000 1708.759644 0.000000 0.943566 0.000000 0.331184 1.000000 1.000000 1.000000
3161.283447 0.000000 2042.891357 0.000000 0.681394 0.000000 -0.731917 1.000000 1.000000 1.000000
3163.780273 0.000000 2044.543457 0.000000 0.973560 0.000000 0.228430 1.000000 1.000000 1.000000
3440.640137 0.000000 1880.907837 0.000000 0.658787 0.000000 0.752330 1.000000 1.000000 1.000000
3441.822021 0.000000 1869.734741 0.000000 0.992301 0.000000 -0.123850 1.000000 1.000000 1.000000
3440.009766 0.000000 1877.106445 0.000000 0.954372 0.000000 0.298621 1.000000 1.000000 1.000000
3451.108887 0.000000 1951.899536 0.000000 0.818566 0.000000 -0.574412 1.000000 1.000000 1.000000
3452.667236 0.000000 2007.081543 0.000000 0.729354 0.000000 0.684136 1.000000 1.000000 1.000000
3451.449463 0.000000 2002.127319 0.000000 0.593781 0.000000 0.804626 1.000000 1.000000 1.000000
3458.873779 0.000000 1934.324219 0.000000 0.510316 0.000000 0.859987 1.000000 1.000000 1.000000
3456.232422 0.000000 1967.536987 0.000000 0.513745 0.000000 0.857943 1.000000 1.000000 1.000000
3459.950928 0.000000 1987.472778 0.000000 0.386022 0.000000 0.922489 1.000000 1.000000 1.000000
3460.339600 0.000000 1990.890381 0.000000 0.389735 0.000000 0.920927 1.000000 1.000000 1.000000
3232.593506 0.000000 2069.005615 0.000000 0.595467 0.000000 0.803380 1.000000 1.000000 1.000000
3249.467529 0.000000 2111.607178 0.000000 0.724868 0.000000 -0.688888 1.000000 1.000000 1.000000
3267.974365 0.000000 2115.441406 0.000000 0.973446 0.000000 -0.228917 1.000000 1.000000 1.000000
3421.083984 0.000000 2061.224854 0.000000 0.413470 0.000000 -0.910518 1.000000 1.000000 1.000000
3421.965576 0.000000 2068.894043 0.000000 0.418770 0.000000 -0.908092 1.000000 1.000000 1.000000
6000.227539 0.000000 3081.735352 0.000000 0.906052 0.000000 -0.423166 1.000000 1.000000 1.000000
6004.460938 0.000000 3075.389160 0.000000 0.947389 0.000000 0.320086 1.000000 1.000000 1.000000
5995.495117 0.000000 3082.333252 0.000000 0.920381 0.000000 0.391024 1.000000 1.000000 1.000000
6006.516113 0.000000 3071.505859 0.000000 0.903089 0.000000 0.429453 1.000000 1.000000 1.000000
5988.031250 0.000000 3078.624756 0.000000 0.753922 0.000000 -0.656964 1.000000 1.000000 1.000000
6007.160156 0.000000 3078.774414 0.000000 0.280195 0.000000 -0.959943 1.000000 1.000000 1.000000
5997.471680 0.000000 3088.573730 0.000000 0.904164 0.000000 0.427186 1.000000 1.000000 1.000000
6003.007324 0.000000 3085.978760 0.000000 0.648871 0.000000 -0.760898 1.000000 1.000000 1.000000
6289.837402 0.000000 3062.216553 0.000000 0.980630 0.000000 0.195871 1.000000 1.000000 1.000000
6301.614258 0.000000 3060.651855 0.000000 0.595317 0.000000 -0.803491 1.000000 1.000000 1.000000
6306.526367 0.000000 3054.050781 0.000000 0.282520 0.000000 -0.959261 1.000000 1.000000 1.000000
"}
object={
	name="tree_cedar_generator_1_2"
	clamp_to_water_level=no
	render_under_water=no
	generated_content=yes
	layer="tree_layer"
	pdxmesh="tree_cedar_03_mesh"
	count=24
	transform="203.510925 0.000000 1636.890137 0.000000 0.119968 0.000000 0.992778 1.000000 1.000000 1.000000
300.777405 0.000000 1623.719604 0.000000 0.792122 0.000000 -0.610362 1.000000 1.000000 1.000000
303.224457 0.000000 1690.851562 0.000000 0.646053 0.000000 -0.763293 1.000000 1.000000 1.000000
299.451599 0.000000 1711.301880 0.000000 0.806621 0.000000 0.591069 1.000000 1.000000 1.000000
317.603119 0.000000 1703.063843 0.000000 0.368860 0.000000 -0.929485 1.000000 1.000000 1.000000
300.535034 0.000000 1702.800659 0.000000 0.896364 0.000000 -0.443319 1.000000 1.000000 1.000000
319.372437 0.000000 1703.905884 0.000000 0.404111 0.000000 -0.914710 1.000000 1.000000 1.000000
3250.208008 0.000000 1942.490112 0.000000 0.976307 0.000000 0.216390 1.000000 1.000000 1.000000
3451.479004 0.000000 2008.153442 0.000000 0.789172 0.000000 -0.614172 1.000000 1.000000 1.000000
3466.061279 0.000000 1949.054443 0.000000 0.071761 0.000000 -0.997422 1.000000 1.000000 1.000000
3458.293457 0.000000 1937.928833 0.000000 0.759602 0.000000 0.650388 1.000000 1.000000 1.000000
3467.655518 0.000000 1960.254272 0.000000 0.494947 0.000000 -0.868923 1.000000 1.000000 1.000000
3468.929443 0.000000 1963.690186 0.000000 0.913538 0.000000 0.406753 1.000000 1.000000 1.000000
2884.734863 0.000000 2060.454346 0.000000 0.719597 0.000000 -0.694392 1.000000 1.000000 1.000000
3228.694580 0.000000 2103.058105 0.000000 0.425720 0.000000 0.904855 1.000000 1.000000 1.000000
3229.739502 0.000000 2105.118896 0.000000 0.496747 0.000000 -0.867896 1.000000 1.000000 1.000000
3423.568359 0.000000 2072.605713 0.000000 0.586055 0.000000 -0.810271 1.000000 1.000000 1.000000
3422.768066 0.000000 2047.930664 0.000000 0.978136 0.000000 -0.207965 1.000000 1.000000 1.000000
3420.274658 0.000000 2064.441406 0.000000 0.684641 0.000000 0.728881 1.000000 1.000000 1.000000
5297.217773 0.000000 2655.474365 0.000000 0.997090 0.000000 0.076227 1.000000 1.000000 1.000000
6012.908203 0.000000 3078.728027 0.000000 0.807759 0.000000 0.589513 1.000000 1.000000 1.000000
6010.351074 0.000000 3078.472412 0.000000 0.862919 0.000000 -0.505342 1.000000 1.000000 1.000000
6257.478516 0.000000 3053.445557 0.000000 0.990863 0.000000 -0.134870 1.000000 1.000000 1.000000
6305.946289 0.000000 3057.655518 0.000000 0.029067 0.000000 0.999577 1.000000 1.000000 1.000000
"}
object={
	name="tree_cedar_generator_1_3"
	clamp_to_water_level=no
	render_under_water=no
	generated_content=yes
	layer="tree_layer"
	pdxmesh="tree_cedar_04_mesh"
	count=2
	transform="3013.507080 0.000000 2094.902832 0.000000 0.937031 0.000000 -0.349245 1.000000 1.000000 1.000000
3179.833496 0.000000 2047.828369 0.000000 0.501584 0.000000 0.865109 1.000000 1.000000 1.000000
"}
